count is 18
[90, 60, 130, 100]
[130, 60, 150, 140]
[150, 60, 170, 140]
[170, 60, 190, 180]
[190, 60, 210, 180]
[210, 60, 230, 220]
[230, 60, 250, 220]
[250, 60, 270, 260]
[270, 60, 290, 260]
[290, 60, 310, 300]
[310, 60, 330, 300]
[330, 60, 350, 340]
[350, 60, 370, 340]
[370, 60, 390, 380]
[390, 60, 410, 380]
[410, 60, 430, 420]
[430, 60, 450, 420]
[450, 60, 470, 460]
[470, 60, 490, 460]
[490, 60, 510, 500]
[510, 60, 530, 500]
[530, 60, 550, 540]
[550, 60, 570, 540]
[570, 60, 590, 580]
[590, 60, 610, 580]
[610, 60, 630, 620]
[630, 60, 650, 620]
[650, 60, 670, 660]
[670, 60, 690, 660]
[690, 60, 710, 700]
[710, 60, 730, 700]
[730, 60, 750, 740]
[750, 60, 770, 740]
[770, 60, 790, 780]
[790, 60, 810, 780]
[810, 60, 830, 820]
[830, 60, 850, 820]
[850, 60, 870, 860]
[870, 60, 890, 860]
[890, 60, 910, 900]
[910, 60, 930, 900]
[930, 60, 950, 940]
[950, 60, 970, 940]
[970, 60, 990, 980]
[990, 60, 1010, 980]
[1010, 60, 1030, 1020]
[1030, 60, 1050, 1020]
[1050, 60, 1070, 1060]
[1070, 60, 1090, 1060]
[1090, 60, 1110, 1100]
[1110, 60, 1130, 1100]
[1130, 60, 1150, 1140]
[1150, 60, 1170, 1140]
[1170, 60, 1190, 1180]
[1190, 60, 1210, 1180]
[1210, 60, 1230, 1220]
[1230, 60, 1250, 1220]
[1250, 60, 1270, 1260]
[1270, 60, 1290, 1260]
[1290, 60, 1310, 1300]
[1310, 60, 1330, 1300]
[1330, 60, 1350, 1340]
[1350, 60, 1370, 1340]
[90, 100, 130, 80]
[90, 120, 130, 100]
[130, 100, 150, 120]
[130, 120, 150, 140]
[150, 100, 170, 120]
[150, 120, 170, 140]
[170, 100, 190, 160]
[170, 120, 190, 180]
[190, 100, 210, 160]
[190, 120, 210, 180]
[210, 100, 230, 200]
[210, 120, 230, 220]
[230, 100, 250, 200]
[230, 120, 250, 220]
[250, 100, 270, 240]
[250, 120, 270, 260]
[270, 100, 290, 240]
[270, 120, 290, 260]
[290, 100, 310, 280]
[290, 120, 310, 300]
[310, 100, 330, 280]
[310, 120, 330, 300]
[330, 100, 350, 320]
[330, 120, 350, 340]
[350, 100, 370, 320]
[350, 120, 370, 340]
[370, 100, 390, 360]
[370, 120, 390, 380]
[390, 100, 410, 360]
[390, 120, 410, 380]
[410, 100, 430, 400]
[410, 120, 430, 420]
[430, 100, 450, 400]
[430, 120, 450, 420]
[450, 100, 470, 440]
[450, 120, 470, 460]
[470, 100, 490, 440]
[470, 120, 490, 460]
[490, 100, 510, 480]
[490, 120, 510, 500]
[510, 100, 530, 480]
[510, 120, 530, 500]
[530, 100, 550, 520]
[530, 120, 550, 540]
[550, 100, 570, 520]
[550, 120, 570, 540]
[570, 100, 590, 560]
[570, 120, 590, 580]
[590, 100, 610, 560]
[590, 120, 610, 580]
[610, 100, 630, 600]
[610, 120, 630, 620]
[630, 100, 650, 600]
[630, 120, 650, 620]
[650, 100, 670, 640]
[650, 120, 670, 660]
[670, 100, 690, 640]
[670, 120, 690, 660]
[690, 100, 710, 680]
[690, 120, 710, 700]
[710, 100, 730, 680]
[710, 120, 730, 700]
[730, 100, 750, 720]
[730, 120, 750, 740]
[750, 100, 770, 720]
[750, 120, 770, 740]
[770, 100, 790, 760]
[770, 120, 790, 780]
[790, 100, 810, 760]
[790, 120, 810, 780]
[810, 100, 830, 800]
[810, 120, 830, 820]
[830, 100, 850, 800]
[830, 120, 850, 820]
[850, 100, 870, 840]
[850, 120, 870, 860]
[870, 100, 890, 840]
[870, 120, 890, 860]
[890, 100, 910, 880]
[890, 120, 910, 900]
[910, 100, 930, 880]
[910, 120, 930, 900]
[930, 100, 950, 920]
[930, 120, 950, 940]
[950, 100, 970, 920]
[950, 120, 970, 940]
[970, 100, 990, 960]
[970, 120, 990, 980]
[990, 100, 1010, 960]
[990, 120, 1010, 980]
[1010, 100, 1030, 1000]
[1010, 120, 1030, 1020]
[1030, 100, 1050, 1000]
[1030, 120, 1050, 1020]
[1050, 100, 1070, 1040]
[1050, 120, 1070, 1060]
[1070, 100, 1090, 1040]
[1070, 120, 1090, 1060]
[1090, 100, 1110, 1080]
[1090, 120, 1110, 1100]
[1110, 100, 1130, 1080]
[1110, 120, 1130, 1100]
[1130, 100, 1150, 1120]
[1130, 120, 1150, 1140]
[1150, 100, 1170, 1120]
[1150, 120, 1170, 1140]
[1170, 100, 1190, 1160]
[1170, 120, 1190, 1180]
[1190, 100, 1210, 1160]
[1190, 120, 1210, 1180]
[1210, 100, 1230, 1200]
[1210, 120, 1230, 1220]
[1230, 100, 1250, 1200]
[1230, 120, 1250, 1220]
[1250, 100, 1270, 1240]
[1250, 120, 1270, 1260]
[1270, 100, 1290, 1240]
[1270, 120, 1290, 1260]
[1290, 100, 1310, 1280]
[1290, 120, 1310, 1300]
[1310, 100, 1330, 1280]
[1310, 120, 1330, 1300]
[1330, 100, 1350, 1320]
[1330, 120, 1350, 1340]
[1350, 100, 1370, 1320]
[1350, 120, 1370, 1340]
[90, 140, 130, 80]
[90, 160, 130, 100]
[130, 140, 150, 120]
[130, 160, 150, 140]
[150, 140, 170, 120]
[150, 160, 170, 140]
[170, 140, 190, 160]
[170, 160, 190, 180]
[190, 140, 210, 160]
[190, 160, 210, 180]
[210, 140, 230, 200]
[210, 160, 230, 220]
[230, 140, 250, 200]
[230, 160, 250, 220]
[250, 140, 270, 240]
[250, 160, 270, 260]
[270, 140, 290, 240]
[270, 160, 290, 260]
[290, 140, 310, 280]
[290, 160, 310, 300]
[310, 140, 330, 280]
[310, 160, 330, 300]
[330, 140, 350, 320]
[330, 160, 350, 340]
[350, 140, 370, 320]
[350, 160, 370, 340]
[370, 140, 390, 360]
[370, 160, 390, 380]
[390, 140, 410, 360]
[390, 160, 410, 380]
[410, 140, 430, 400]
[410, 160, 430, 420]
[430, 140, 450, 400]
[430, 160, 450, 420]
[450, 140, 470, 440]
[450, 160, 470, 460]
[470, 140, 490, 440]
[470, 160, 490, 460]
[490, 140, 510, 480]
[490, 160, 510, 500]
[510, 140, 530, 480]
[510, 160, 530, 500]
[530, 140, 550, 520]
[530, 160, 550, 540]
[550, 140, 570, 520]
[550, 160, 570, 540]
[570, 140, 590, 560]
[570, 160, 590, 580]
[590, 140, 610, 560]
[590, 160, 610, 580]
[610, 140, 630, 600]
[610, 160, 630, 620]
[630, 140, 650, 600]
[630, 160, 650, 620]
[650, 140, 670, 640]
[650, 160, 670, 660]
[670, 140, 690, 640]
[670, 160, 690, 660]
[690, 140, 710, 680]
[690, 160, 710, 700]
[710, 140, 730, 680]
[710, 160, 730, 700]
[730, 140, 750, 720]
[730, 160, 750, 740]
[750, 140, 770, 720]
[750, 160, 770, 740]
[770, 140, 790, 760]
[770, 160, 790, 780]
[790, 140, 810, 760]
[790, 160, 810, 780]
[810, 140, 830, 800]
[810, 160, 830, 820]
[830, 140, 850, 800]
[830, 160, 850, 820]
[850, 140, 870, 840]
[850, 160, 870, 860]
[870, 140, 890, 840]
[870, 160, 890, 860]
[890, 140, 910, 880]
[890, 160, 910, 900]
[910, 140, 930, 880]
[910, 160, 930, 900]
[930, 140, 950, 920]
[930, 160, 950, 940]
[950, 140, 970, 920]
[950, 160, 970, 940]
[970, 140, 990, 960]
[970, 160, 990, 980]
[990, 140, 1010, 960]
[990, 160, 1010, 980]
[1010, 140, 1030, 1000]
[1010, 160, 1030, 1020]
[1030, 140, 1050, 1000]
[1030, 160, 1050, 1020]
[1050, 140, 1070, 1040]
[1050, 160, 1070, 1060]
[1070, 140, 1090, 1040]
[1070, 160, 1090, 1060]
[1090, 140, 1110, 1080]
[1090, 160, 1110, 1100]
[1110, 140, 1130, 1080]
[1110, 160, 1130, 1100]
[1130, 140, 1150, 1120]
[1130, 160, 1150, 1140]
[1150, 140, 1170, 1120]
[1150, 160, 1170, 1140]
[1170, 140, 1190, 1160]
[1170, 160, 1190, 1180]
[1190, 140, 1210, 1160]
[1190, 160, 1210, 1180]
[1210, 140, 1230, 1200]
[1210, 160, 1230, 1220]
[1230, 140, 1250, 1200]
[1230, 160, 1250, 1220]
[1250, 140, 1270, 1240]
[1250, 160, 1270, 1260]
[1270, 140, 1290, 1240]
[1270, 160, 1290, 1260]
[1290, 140, 1310, 1280]
[1290, 160, 1310, 1300]
[1310, 140, 1330, 1280]
[1310, 160, 1330, 1300]
[1330, 140, 1350, 1320]
[1330, 160, 1350, 1340]
[1350, 140, 1370, 1320]
[1350, 160, 1370, 1340]
[90, 180, 130, 80]
[90, 200, 130, 100]
[130, 180, 150, 120]
[130, 200, 150, 140]
[150, 180, 170, 120]
[150, 200, 170, 140]
[170, 180, 190, 160]
[170, 200, 190, 180]
[190, 180, 210, 160]
[190, 200, 210, 180]
[210, 180, 230, 200]
[210, 200, 230, 220]
[230, 180, 250, 200]
[230, 200, 250, 220]
[250, 180, 270, 240]
[250, 200, 270, 260]
[270, 180, 290, 240]
[270, 200, 290, 260]
[290, 180, 310, 280]
[290, 200, 310, 300]
[310, 180, 330, 280]
[310, 200, 330, 300]
[330, 180, 350, 320]
[330, 200, 350, 340]
[350, 180, 370, 320]
[350, 200, 370, 340]
[370, 180, 390, 360]
[370, 200, 390, 380]
[390, 180, 410, 360]
[390, 200, 410, 380]
[410, 180, 430, 400]
[410, 200, 430, 420]
[430, 180, 450, 400]
[430, 200, 450, 420]
[450, 180, 470, 440]
[450, 200, 470, 460]
[470, 180, 490, 440]
[470, 200, 490, 460]
[490, 180, 510, 480]
[490, 200, 510, 500]
[510, 180, 530, 480]
[510, 200, 530, 500]
[530, 180, 550, 520]
[530, 200, 550, 540]
[550, 180, 570, 520]
[550, 200, 570, 540]
[570, 180, 590, 560]
[570, 200, 590, 580]
[590, 180, 610, 560]
[590, 200, 610, 580]
[610, 180, 630, 600]
[610, 200, 630, 620]
[630, 180, 650, 600]
[630, 200, 650, 620]
[650, 180, 670, 640]
[650, 200, 670, 660]
[670, 180, 690, 640]
[670, 200, 690, 660]
[690, 180, 710, 680]
[690, 200, 710, 700]
[710, 180, 730, 680]
[710, 200, 730, 700]
[730, 180, 750, 720]
[730, 200, 750, 740]
[750, 180, 770, 720]
[750, 200, 770, 740]
[770, 180, 790, 760]
[770, 200, 790, 780]
[790, 180, 810, 760]
[790, 200, 810, 780]
[810, 180, 830, 800]
[810, 200, 830, 820]
[830, 180, 850, 800]
[830, 200, 850, 820]
[850, 180, 870, 840]
[850, 200, 870, 860]
[870, 180, 890, 840]
[870, 200, 890, 860]
[890, 180, 910, 880]
[890, 200, 910, 900]
[910, 180, 930, 880]
[910, 200, 930, 900]
[930, 180, 950, 920]
[930, 200, 950, 940]
[950, 180, 970, 920]
[950, 200, 970, 940]
[970, 180, 990, 960]
[970, 200, 990, 980]
[990, 180, 1010, 960]
[990, 200, 1010, 980]
[1010, 180, 1030, 1000]
[1010, 200, 1030, 1020]
[1030, 180, 1050, 1000]
[1030, 200, 1050, 1020]
[1050, 180, 1070, 1040]
[1050, 200, 1070, 1060]
[1070, 180, 1090, 1040]
[1070, 200, 1090, 1060]
[1090, 180, 1110, 1080]
[1090, 200, 1110, 1100]
[1110, 180, 1130, 1080]
[1110, 200, 1130, 1100]
[1130, 180, 1150, 1120]
[1130, 200, 1150, 1140]
[1150, 180, 1170, 1120]
[1150, 200, 1170, 1140]
[1170, 180, 1190, 1160]
[1170, 200, 1190, 1180]
[1190, 180, 1210, 1160]
[1190, 200, 1210, 1180]
[1210, 180, 1230, 1200]
[1210, 200, 1230, 1220]
[1230, 180, 1250, 1200]
[1230, 200, 1250, 1220]
[1250, 180, 1270, 1240]
[1250, 200, 1270, 1260]
[1270, 180, 1290, 1240]
[1270, 200, 1290, 1260]
[1290, 180, 1310, 1280]
[1290, 200, 1310, 1300]
[1310, 180, 1330, 1280]
[1310, 200, 1330, 1300]
[1330, 180, 1350, 1320]
[1330, 200, 1350, 1340]
[1350, 180, 1370, 1320]
[1350, 200, 1370, 1340]
[90, 220, 130, 80]
[90, 240, 130, 100]
[130, 220, 150, 120]
[130, 240, 150, 140]
[150, 220, 170, 120]
[150, 240, 170, 140]
[170, 220, 190, 160]
[170, 240, 190, 180]
[190, 220, 210, 160]
[190, 240, 210, 180]
[210, 220, 230, 200]
[210, 240, 230, 220]
[230, 220, 250, 200]
[230, 240, 250, 220]
[250, 220, 270, 240]
[250, 240, 270, 260]
[270, 220, 290, 240]
[270, 240, 290, 260]
[290, 220, 310, 280]
[290, 240, 310, 300]
[310, 220, 330, 280]
[310, 240, 330, 300]
[330, 220, 350, 320]
[330, 240, 350, 340]
[350, 220, 370, 320]
[350, 240, 370, 340]
[370, 220, 390, 360]
[370, 240, 390, 380]
[390, 220, 410, 360]
[390, 240, 410, 380]
[410, 220, 430, 400]
[410, 240, 430, 420]
[430, 220, 450, 400]
[430, 240, 450, 420]
[450, 220, 470, 440]
[450, 240, 470, 460]
[470, 220, 490, 440]
[470, 240, 490, 460]
[490, 220, 510, 480]
[490, 240, 510, 500]
[510, 220, 530, 480]
[510, 240, 530, 500]
[530, 220, 550, 520]
[530, 240, 550, 540]
[550, 220, 570, 520]
[550, 240, 570, 540]
[570, 220, 590, 560]
[570, 240, 590, 580]
[590, 220, 610, 560]
[590, 240, 610, 580]
[610, 220, 630, 600]
[610, 240, 630, 620]
[630, 220, 650, 600]
[630, 240, 650, 620]
[650, 220, 670, 640]
[650, 240, 670, 660]
[670, 220, 690, 640]
[670, 240, 690, 660]
[690, 220, 710, 680]
[690, 240, 710, 700]
[710, 220, 730, 680]
[710, 240, 730, 700]
[730, 220, 750, 720]
[730, 240, 750, 740]
[750, 220, 770, 720]
[750, 240, 770, 740]
[770, 220, 790, 760]
[770, 240, 790, 780]
[790, 220, 810, 760]
[790, 240, 810, 780]
[810, 220, 830, 800]
[810, 240, 830, 820]
[830, 220, 850, 800]
[830, 240, 850, 820]
[850, 220, 870, 840]
[850, 240, 870, 860]
[870, 220, 890, 840]
[870, 240, 890, 860]
[890, 220, 910, 880]
[890, 240, 910, 900]
[910, 220, 930, 880]
[910, 240, 930, 900]
[930, 220, 950, 920]
[930, 240, 950, 940]
[950, 220, 970, 920]
[950, 240, 970, 940]
[970, 220, 990, 960]
[970, 240, 990, 980]
[990, 220, 1010, 960]
[990, 240, 1010, 980]
[1010, 220, 1030, 1000]
[1010, 240, 1030, 1020]
[1030, 220, 1050, 1000]
[1030, 240, 1050, 1020]
[1050, 220, 1070, 1040]
[1050, 240, 1070, 1060]
[1070, 220, 1090, 1040]
[1070, 240, 1090, 1060]
[1090, 220, 1110, 1080]
[1090, 240, 1110, 1100]
[1110, 220, 1130, 1080]
[1110, 240, 1130, 1100]
[1130, 220, 1150, 1120]
[1130, 240, 1150, 1140]
[1150, 220, 1170, 1120]
[1150, 240, 1170, 1140]
[1170, 220, 1190, 1160]
[1170, 240, 1190, 1180]
[1190, 220, 1210, 1160]
[1190, 240, 1210, 1180]
[1210, 220, 1230, 1200]
[1210, 240, 1230, 1220]
[1230, 220, 1250, 1200]
[1230, 240, 1250, 1220]
[1250, 220, 1270, 1240]
[1250, 240, 1270, 1260]
[1270, 220, 1290, 1240]
[1270, 240, 1290, 1260]
[1290, 220, 1310, 1280]
[1290, 240, 1310, 1300]
[1310, 220, 1330, 1280]
[1310, 240, 1330, 1300]
[1330, 220, 1350, 1320]
[1330, 240, 1350, 1340]
[1350, 220, 1370, 1320]
[1350, 240, 1370, 1340]
[90, 260, 130, 80]
[90, 280, 130, 100]
[130, 260, 150, 120]
[130, 280, 150, 140]
[150, 260, 170, 120]
[150, 280, 170, 140]
[170, 260, 190, 160]
[170, 280, 190, 180]
[190, 260, 210, 160]
[190, 280, 210, 180]
[210, 260, 230, 200]
[210, 280, 230, 220]
[230, 260, 250, 200]
[230, 280, 250, 220]
[250, 260, 270, 240]
[250, 280, 270, 260]
[270, 260, 290, 240]
[270, 280, 290, 260]
[290, 260, 310, 280]
[290, 280, 310, 300]
[310, 260, 330, 280]
[310, 280, 330, 300]
[330, 260, 350, 320]
[330, 280, 350, 340]
[350, 260, 370, 320]
[350, 280, 370, 340]
[370, 260, 390, 360]
[370, 280, 390, 380]
[390, 260, 410, 360]
[390, 280, 410, 380]
[410, 260, 430, 400]
[410, 280, 430, 420]
[430, 260, 450, 400]
[430, 280, 450, 420]
[450, 260, 470, 440]
[450, 280, 470, 460]
[470, 260, 490, 440]
[470, 280, 490, 460]
[490, 260, 510, 480]
[490, 280, 510, 500]
[510, 260, 530, 480]
[510, 280, 530, 500]
[530, 260, 550, 520]
[530, 280, 550, 540]
[550, 260, 570, 520]
[550, 280, 570, 540]
[570, 260, 590, 560]
[570, 280, 590, 580]
[590, 260, 610, 560]
[590, 280, 610, 580]
[610, 260, 630, 600]
[610, 280, 630, 620]
[630, 260, 650, 600]
[630, 280, 650, 620]
[650, 260, 670, 640]
[650, 280, 670, 660]
[670, 260, 690, 640]
[670, 280, 690, 660]
[690, 260, 710, 680]
[690, 280, 710, 700]
[710, 260, 730, 680]
[710, 280, 730, 700]
[730, 260, 750, 720]
[730, 280, 750, 740]
[750, 260, 770, 720]
[750, 280, 770, 740]
[770, 260, 790, 760]
[770, 280, 790, 780]
[790, 260, 810, 760]
[790, 280, 810, 780]
[810, 260, 830, 800]
[810, 280, 830, 820]
[830, 260, 850, 800]
[830, 280, 850, 820]
[850, 260, 870, 840]
[850, 280, 870, 860]
[870, 260, 890, 840]
[870, 280, 890, 860]
[890, 260, 910, 880]
[890, 280, 910, 900]
[910, 260, 930, 880]
[910, 280, 930, 900]
[930, 260, 950, 920]
[930, 280, 950, 940]
[950, 260, 970, 920]
[950, 280, 970, 940]
[970, 260, 990, 960]
[970, 280, 990, 980]
[990, 260, 1010, 960]
[990, 280, 1010, 980]
[1010, 260, 1030, 1000]
[1010, 280, 1030, 1020]
[1030, 260, 1050, 1000]
[1030, 280, 1050, 1020]
[1050, 260, 1070, 1040]
[1050, 280, 1070, 1060]
[1070, 260, 1090, 1040]
[1070, 280, 1090, 1060]
[1090, 260, 1110, 1080]
[1090, 280, 1110, 1100]
[1110, 260, 1130, 1080]
[1110, 280, 1130, 1100]
[1130, 260, 1150, 1120]
[1130, 280, 1150, 1140]
[1150, 260, 1170, 1120]
[1150, 280, 1170, 1140]
[1170, 260, 1190, 1160]
[1170, 280, 1190, 1180]
[1190, 260, 1210, 1160]
[1190, 280, 1210, 1180]
[1210, 260, 1230, 1200]
[1210, 280, 1230, 1220]
[1230, 260, 1250, 1200]
[1230, 280, 1250, 1220]
[1250, 260, 1270, 1240]
[1250, 280, 1270, 1260]
[1270, 260, 1290, 1240]
[1270, 280, 1290, 1260]
[1290, 260, 1310, 1280]
[1290, 280, 1310, 1300]
[1310, 260, 1330, 1280]
[1310, 280, 1330, 1300]
[1330, 260, 1350, 1320]
[1330, 280, 1350, 1340]
[1350, 260, 1370, 1320]
[1350, 280, 1370, 1340]
[90, 300, 130, 80]
[90, 320, 130, 100]
[130, 300, 150, 120]
[130, 320, 150, 140]
[150, 300, 170, 120]
[150, 320, 170, 140]
[170, 300, 190, 160]
[170, 320, 190, 180]
[190, 300, 210, 160]
[190, 320, 210, 180]
[210, 300, 230, 200]
[210, 320, 230, 220]
[230, 300, 250, 200]
[230, 320, 250, 220]
[250, 300, 270, 240]
[250, 320, 270, 260]
[270, 300, 290, 240]
[270, 320, 290, 260]
[290, 300, 310, 280]
[290, 320, 310, 300]
[310, 300, 330, 280]
[310, 320, 330, 300]
[330, 300, 350, 320]
[330, 320, 350, 340]
[350, 300, 370, 320]
[350, 320, 370, 340]
[370, 300, 390, 360]
[370, 320, 390, 380]
[390, 300, 410, 360]
[390, 320, 410, 380]
[410, 300, 430, 400]
[410, 320, 430, 420]
[430, 300, 450, 400]
[430, 320, 450, 420]
[450, 300, 470, 440]
[450, 320, 470, 460]
[470, 300, 490, 440]
[470, 320, 490, 460]
[490, 300, 510, 480]
[490, 320, 510, 500]
[510, 300, 530, 480]
[510, 320, 530, 500]
[530, 300, 550, 520]
[530, 320, 550, 540]
[550, 300, 570, 520]
[550, 320, 570, 540]
[570, 300, 590, 560]
[570, 320, 590, 580]
[590, 300, 610, 560]
[590, 320, 610, 580]
[610, 300, 630, 600]
[610, 320, 630, 620]
[630, 300, 650, 600]
[630, 320, 650, 620]
[650, 300, 670, 640]
[650, 320, 670, 660]
[670, 300, 690, 640]
[670, 320, 690, 660]
[690, 300, 710, 680]
[690, 320, 710, 700]
[710, 300, 730, 680]
[710, 320, 730, 700]
[730, 300, 750, 720]
[730, 320, 750, 740]
[750, 300, 770, 720]
[750, 320, 770, 740]
[770, 300, 790, 760]
[770, 320, 790, 780]
[790, 300, 810, 760]
[790, 320, 810, 780]
[810, 300, 830, 800]
[810, 320, 830, 820]
[830, 300, 850, 800]
[830, 320, 850, 820]
[850, 300, 870, 840]
[850, 320, 870, 860]
[870, 300, 890, 840]
[870, 320, 890, 860]
[890, 300, 910, 880]
[890, 320, 910, 900]
[910, 300, 930, 880]
[910, 320, 930, 900]
[930, 300, 950, 920]
[930, 320, 950, 940]
[950, 300, 970, 920]
[950, 320, 970, 940]
[970, 300, 990, 960]
[970, 320, 990, 980]
[990, 300, 1010, 960]
[990, 320, 1010, 980]
[1010, 300, 1030, 1000]
[1010, 320, 1030, 1020]
[1030, 300, 1050, 1000]
[1030, 320, 1050, 1020]
[1050, 300, 1070, 1040]
[1050, 320, 1070, 1060]
[1070, 300, 1090, 1040]
[1070, 320, 1090, 1060]
[1090, 300, 1110, 1080]
[1090, 320, 1110, 1100]
[1110, 300, 1130, 1080]
[1110, 320, 1130, 1100]
[1130, 300, 1150, 1120]
[1130, 320, 1150, 1140]
[1150, 300, 1170, 1120]
[1150, 320, 1170, 1140]
[1170, 300, 1190, 1160]
[1170, 320, 1190, 1180]
[1190, 300, 1210, 1160]
[1190, 320, 1210, 1180]
[1210, 300, 1230, 1200]
[1210, 320, 1230, 1220]
[1230, 300, 1250, 1200]
[1230, 320, 1250, 1220]
[1250, 300, 1270, 1240]
[1250, 320, 1270, 1260]
[1270, 300, 1290, 1240]
[1270, 320, 1290, 1260]
[1290, 300, 1310, 1280]
[1290, 320, 1310, 1300]
[1310, 300, 1330, 1280]
[1310, 320, 1330, 1300]
[1330, 300, 1350, 1320]
[1330, 320, 1350, 1340]
[1350, 300, 1370, 1320]
[1350, 320, 1370, 1340]
[90, 340, 130, 80]
[90, 360, 130, 100]
[130, 340, 150, 120]
[130, 360, 150, 140]
[150, 340, 170, 120]
[150, 360, 170, 140]
[170, 340, 190, 160]
[170, 360, 190, 180]
[190, 340, 210, 160]
[190, 360, 210, 180]
[210, 340, 230, 200]
[210, 360, 230, 220]
[230, 340, 250, 200]
[230, 360, 250, 220]
[250, 340, 270, 240]
[250, 360, 270, 260]
[270, 340, 290, 240]
[270, 360, 290, 260]
[290, 340, 310, 280]
[290, 360, 310, 300]
[310, 340, 330, 280]
[310, 360, 330, 300]
[330, 340, 350, 320]
[330, 360, 350, 340]
[350, 340, 370, 320]
[350, 360, 370, 340]
[370, 340, 390, 360]
[370, 360, 390, 380]
[390, 340, 410, 360]
[390, 360, 410, 380]
[410, 340, 430, 400]
[410, 360, 430, 420]
[430, 340, 450, 400]
[430, 360, 450, 420]
[450, 340, 470, 440]
[450, 360, 470, 460]
[470, 340, 490, 440]
[470, 360, 490, 460]
[490, 340, 510, 480]
[490, 360, 510, 500]
[510, 340, 530, 480]
[510, 360, 530, 500]
[530, 340, 550, 520]
[530, 360, 550, 540]
[550, 340, 570, 520]
[550, 360, 570, 540]
[570, 340, 590, 560]
[570, 360, 590, 580]
[590, 340, 610, 560]
[590, 360, 610, 580]
[610, 340, 630, 600]
[610, 360, 630, 620]
[630, 340, 650, 600]
[630, 360, 650, 620]
[650, 340, 670, 640]
[650, 360, 670, 660]
[670, 340, 690, 640]
[670, 360, 690, 660]
[690, 340, 710, 680]
[690, 360, 710, 700]
[710, 340, 730, 680]
[710, 360, 730, 700]
[730, 340, 750, 720]
[730, 360, 750, 740]
[750, 340, 770, 720]
[750, 360, 770, 740]
[770, 340, 790, 760]
[770, 360, 790, 780]
[790, 340, 810, 760]
[790, 360, 810, 780]
[810, 340, 830, 800]
[810, 360, 830, 820]
[830, 340, 850, 800]
[830, 360, 850, 820]
[850, 340, 870, 840]
[850, 360, 870, 860]
[870, 340, 890, 840]
[870, 360, 890, 860]
[890, 340, 910, 880]
[890, 360, 910, 900]
[910, 340, 930, 880]
[910, 360, 930, 900]
[930, 340, 950, 920]
[930, 360, 950, 940]
[950, 340, 970, 920]
[950, 360, 970, 940]
[970, 340, 990, 960]
[970, 360, 990, 980]
[990, 340, 1010, 960]
[990, 360, 1010, 980]
[1010, 340, 1030, 1000]
[1010, 360, 1030, 1020]
[1030, 340, 1050, 1000]
[1030, 360, 1050, 1020]
[1050, 340, 1070, 1040]
[1050, 360, 1070, 1060]
[1070, 340, 1090, 1040]
[1070, 360, 1090, 1060]
[1090, 340, 1110, 1080]
[1090, 360, 1110, 1100]
[1110, 340, 1130, 1080]
[1110, 360, 1130, 1100]
[1130, 340, 1150, 1120]
[1130, 360, 1150, 1140]
[1150, 340, 1170, 1120]
[1150, 360, 1170, 1140]
[1170, 340, 1190, 1160]
[1170, 360, 1190, 1180]
[1190, 340, 1210, 1160]
[1190, 360, 1210, 1180]
[1210, 340, 1230, 1200]
[1210, 360, 1230, 1220]
[1230, 340, 1250, 1200]
[1230, 360, 1250, 1220]
[1250, 340, 1270, 1240]
[1250, 360, 1270, 1260]
[1270, 340, 1290, 1240]
[1270, 360, 1290, 1260]
[1290, 340, 1310, 1280]
[1290, 360, 1310, 1300]
[1310, 340, 1330, 1280]
[1310, 360, 1330, 1300]
[1330, 340, 1350, 1320]
[1330, 360, 1350, 1340]
[1350, 340, 1370, 1320]
[1350, 360, 1370, 1340]
